50 1
-0.127914 
-0.009553 
-0.120088 
0.000276 
-0.007476 
0.035063 
0.007412 
-0.013582 
0.029665 
0.035071 
0.077755 
0.082248 
-0.027550 
0.022004 
0.013610 
-0.072897 
-0.020743 
-0.046309 
0.051533 
0.099629 
-0.031103 
-0.027762 
0.008389 
-0.105025 
0.057574 
-0.011775 
-0.095044 
-0.112382 
0.023217 
0.109833 
-0.067636 
0.043722 
-0.096478 
-0.032270 
0.084695 
-0.040926 
-0.016573 
0.024857 
0.039119 
0.005016 
0.012564 
0.035104 
-0.063045 
0.031937 
0.036332 
0.093886 
0.084579 
0.029139 
-0.140574 
-0.000356 
