10 50
-0.297232 -1.025739 -0.731365 0.768296 1.010977 0.603027 -1.142019 -0.385593 0.356672 -1.815634 0.874045 1.336312 0.531352 0.645158 -0.642299 0.042213 0.332108 -0.651071 0.690300 0.790009 0.906868 0.836376 -1.149661 0.532873 0.619128 0.239396 -0.561237 0.027636 -1.203995 1.484380 -0.473190 0.311348 -0.823045 -0.554360 1.575492 0.614901 1.207410 -0.177665 -0.701146 1.135942 1.258560 -1.461113 -1.875860 -1.092884 -0.608375 1.172857 -1.344713 -0.522241 -1.035975 -1.107948 
0.511165 -1.649505 1.323881 1.138946 -1.209908 -0.180212 -1.229423 -0.136045 -0.541712 -0.816015 0.076973 -1.049256 -0.062611 -0.568561 -0.783154 -0.332509 -0.409963 0.434455 0.773941 -0.988824 0.361720 -0.053394 1.473421 -0.043103 0.869262 -0.403798 1.890343 2.449561 1.087585 -0.335095 -0.561399 0.009322 -0.237586 -0.586571 -0.935294 0.406547 -0.194135 0.641607 1.363027 -0.133868 -0.893427 -1.060758 0.043613 -1.087492 1.812383 -0.951981 1.028505 -0.156775 0.313016 -0.599661 
0.237844 -0.805222 0.820648 0.464670 2.476239 -1.173652 -0.363270 -0.302256 0.164751 -1.364638 1.237055 -0.456585 -1.238355 -0.466750 -1.528552 1.572379 -0.429930 -0.293502 0.116272 1.581616 0.601323 -1.126360 -0.723740 0.667722 1.068899 0.491418 -1.432795 0.257427 -1.592206 -0.890212 -0.059200 1.648635 -0.896895 0.055917 0.206268 -1.530040 -0.789075 0.020164 -0.252838 -1.289418 0.873443 1.925657 1.106650 -0.752824 0.114364 0.406373 1.176977 0.007871 1.138809 -1.122000 
0.038048 -0.235621 -0.640445 0.471777 -1.006337 -1.318078 -0.911404 0.141165 -0.585629 0.137432 -0.268754 -0.616042 -0.352832 -0.246531 1.501437 1.979703 -0.351185 1.410498 -0.028080 1.328411 0.192844 0.525243 -0.516728 -0.490108 -1.885289 -0.505289 0.383561 0.247317 1.548760 -1.316906 0.270866 0.602632 -1.305006 -0.537707 -1.257764 1.569909 -0.096862 -0.390034 -1.206530 0.622518 2.255013 -0.373773 0.377123 0.619392 0.178629 0.088749 0.038230 0.068054 1.629846 -1.187708 
-0.882122 0.769848 -0.894799 -0.796417 -0.044110 -1.587865 0.701879 0.823838 -0.183156 1.106778 -0.317053 0.785881 0.079206 0.266507 -0.206261 -0.355670 -0.180218 -1.343072 1.266142 0.213842 -2.304068 1.419751 1.378420 -0.386314 -1.297798 -0.023284 -0.705819 -0.269288 1.843945 0.626221 -0.210495 1.063279 0.492834 -0.410194 0.733085 -2.032737 -1.007151 0.099208 0.655979 -1.227616 0.740865 0.324007 0.011181 0.610173 -0.851923 0.593081 0.593782 -0.538626 0.221752 2.135052 
-0.803212 1.504740 -0.250170 -1.024113 -1.209542 1.447147 -0.572069 0.656033 -0.284657 1.138438 0.683112 0.586914 0.984731 -0.408668 0.757365 -0.202616 -0.006456 0.424754 1.548644 -0.570466 -0.421970 -0.528809 -1.320895 0.406882 1.414644 -0.141427 1.707288 -0.892264 -2.227972 0.837920 0.544098 0.660080 1.521256 0.472654 0.088233 0.126206 -0.426511 -0.159830 1.684255 -1.068532 0.676741 -0.288734 -0.470909 0.209031 -1.304926 -0.546162 -0.883741 -0.712181 0.886005 -1.128470 
-0.761146 0.073768 -1.391281 1.159558 0.796581 0.285658 0.143407 -0.072694 0.241637 -0.158895 0.995596 -0.038894 0.870668 -0.202851 -0.304601 0.099684 0.729351 -0.875619 0.598639 0.015304 -2.024124 -0.520851 1.459890 -0.618183 1.321406 0.590394 -0.699881 0.290283 -1.877945 1.027579 -0.922557 0.295247 -0.996628 -0.042981 1.037667 -1.023048 2.108234 -0.255442 0.733096 1.167052 -1.915434 1.014763 0.571099 -0.949287 1.218394 0.046713 1.202993 -0.689022 -1.126781 1.121309 
0.106747 -1.153571 1.888473 -1.050949 -0.474678 1.509940 0.677165 -0.322094 0.631822 -1.973619 -1.520823 -0.169262 -0.506340 0.011977 -1.406154 0.554731 -0.676961 -0.453122 -1.770179 -1.282089 0.852381 1.447423 -0.896963 0.129251 -0.947656 0.256080 -1.391795 -0.394887 0.905066 -0.240771 -0.665809 0.928759 1.229146 -0.273290 0.212774 1.324011 -1.185841 0.283850 -1.394934 0.898230 -1.299495 0.102407 0.423337 0.612602 0.591653 -0.476332 -0.184069 0.696992 0.956578 -0.326244 
0.893354 1.563145 1.695242 -1.258453 -0.347843 -1.225147 1.376010 -0.761484 -0.095544 1.901781 0.640333 -0.509860 0.005823 0.289277 1.384958 -0.758117 -0.118569 0.662148 -1.905880 0.094233 0.640017 0.499881 -0.340444 0.327761 0.233061 0.066511 -1.139745 -0.944652 -0.178299 -1.053687 -0.508241 -0.357266 0.283934 -0.034493 -1.915549 -1.330607 -0.947733 -0.249458 1.775386 -1.617269 -0.302155 0.181042 -0.144941 -1.074630 1.024850 -0.566030 1.395171 0.822169 -0.481904 0.116786 
0.269187 -0.074510 -1.501750 0.954219 -0.540848 0.461414 0.830356 -0.660137 -0.322551 1.868305 -0.304752 -0.850276 0.805489 0.265776 1.997694 -1.616166 -0.036745 -1.425637 -0.995667 -0.422905 1.537842 -0.680028 1.113831 0.625250 -0.215724 -0.566668 -1.169387 0.372800 0.950993 0.473203 0.574960 -1.419103 -0.646879 0.233658 0.919120 0.676290 -0.062903 0.728031 -2.107563 0.586894 -0.873380 1.011134 -0.793360 1.110252 -0.054416 -0.838137 -1.612002 0.299591 -1.766114 1.118817 
