100 1
-0.022418 
-0.041048 
0.008084 
-0.002208 
0.003092 
-0.030362 
-0.037318 
-0.033879 
0.009303 
-0.042317 
-0.053807 
-0.014324 
0.015904 
0.006661 
-0.006617 
-0.004896 
0.011920 
0.035897 
-0.027523 
-0.016627 
0.011015 
0.044978 
0.013761 
-0.024575 
0.016315 
-0.051610 
0.003173 
0.055242 
0.007612 
0.066264 
0.008272 
0.000275 
-0.008572 
-0.009118 
0.010470 
-0.004991 
0.020036 
0.007165 
0.023898 
-0.027524 
0.008485 
0.032837 
0.005103 
-0.009965 
-0.019717 
-0.014763 
-0.001148 
-0.008177 
-0.025468 
-0.014389 
-0.006984 
-0.001703 
0.019841 
-0.013089 
0.049482 
0.047630 
-0.020975 
0.022115 
0.035400 
-0.040381 
0.015735 
0.017659 
-0.025197 
0.001505 
-0.040370 
0.056791 
0.019223 
-0.001346 
0.024821 
-0.001885 
-0.011335 
-0.012224 
0.026323 
-0.008020 
-0.010383 
-0.001927 
-0.005924 
0.022496 
0.014760 
-0.003387 
0.011042 
-0.046308 
0.040137 
-0.003832 
-0.018665 
0.006964 
-0.010015 
0.009790 
0.007755 
0.041161 
0.027209 
0.024167 
-0.000743 
0.023920 
0.004977 
-0.014428 
-0.010913 
-0.004545 
-0.021142 
0.036496 
