300 1
-0.012233 
0.053971 
0.007552 
0.022480 
0.038149 
0.024372 
-0.003343 
-0.022394 
-0.038276 
-0.062610 
0.057649 
0.072834 
-0.046754 
0.099880 
0.115566 
0.021746 
0.019280 
-0.010354 
-0.083737 
-0.010194 
0.019459 
0.021755 
-0.039152 
0.065131 
-0.097724 
-0.070472 
0.060765 
0.051604 
-0.046272 
0.010124 
0.047869 
-0.031094 
-0.054897 
-0.043237 
-0.049528 
-0.015981 
-0.016923 
0.080818 
-0.082982 
0.041362 
-0.019251 
0.054820 
0.074318 
0.011956 
-0.132438 
0.002327 
-0.015636 
-0.002258 
-0.065273 
0.042385 
0.001411 
-0.024882 
-0.000079 
0.016447 
0.050608 
-0.037826 
-0.028954 
0.055822 
0.010110 
0.004449 
-0.027465 
-0.055829 
-0.028716 
-0.021912 
-0.033234 
-0.043358 
-0.013861 
0.017238 
0.023633 
-0.021057 
-0.006064 
-0.017811 
-0.119640 
-0.021662 
-0.041642 
-0.028139 
0.018010 
-0.063483 
0.041701 
0.019842 
0.058390 
-0.002127 
0.049818 
0.013257 
-0.014970 
0.023245 
-0.023518 
0.071537 
-0.004956 
-0.004676 
-0.009410 
0.005077 
-0.016123 
0.077946 
0.046891 
-0.035218 
-0.075015 
-0.073277 
-0.082646 
-0.020730 
0.023780 
-0.017580 
-0.016720 
0.058811 
0.030246 
-0.016827 
0.070600 
0.033584 
0.066836 
0.008723 
-0.032121 
-0.050920 
-0.003387 
0.091156 
0.026303 
-0.034723 
-0.042549 
0.027172 
-0.029629 
0.038643 
-0.031729 
0.074478 
-0.058307 
0.048927 
0.025928 
-0.001935 
-0.020496 
0.110145 
-0.065363 
-0.053069 
0.049634 
0.000867 
0.023919 
0.027980 
0.016173 
-0.008525 
-0.011374 
-0.058535 
-0.041269 
-0.007594 
-0.102759 
-0.048902 
0.081967 
0.041648 
-0.006446 
0.032220 
0.052577 
-0.021620 
0.006769 
-0.032779 
-0.084233 
-0.019083 
0.013872 
0.015020 
0.010570 
0.016761 
-0.122167 
0.035769 
-0.008862 
0.050925 
0.034878 
0.023084 
0.007516 
-0.057449 
-0.028788 
-0.045517 
-0.048130 
0.033781 
-0.076226 
0.021053 
0.057786 
-0.009113 
-0.001797 
-0.010959 
0.097265 
0.008285 
-0.011248 
-0.004535 
-0.089794 
0.050930 
-0.057708 
0.028280 
0.088899 
0.029638 
0.066155 
0.119830 
-0.020812 
-0.032030 
0.062820 
0.016037 
-0.022006 
0.057935 
-0.056699 
0.076968 
-0.023959 
0.008434 
0.041606 
0.042269 
-0.037741 
0.061048 
0.089957 
-0.113345 
-0.039040 
0.015863 
-0.067664 
-0.025230 
0.044797 
-0.113971 
-0.023486 
-0.024760 
-0.004596 
0.007053 
0.041896 
-0.067013 
-0.050141 
0.091201 
0.015362 
0.018399 
-0.042651 
-0.054715 
0.002586 
0.055417 
0.042255 
0.028697 
-0.019332 
0.023390 
-0.050119 
0.032183 
-0.130473 
0.105283 
0.118160 
0.023524 
-0.014102 
0.035825 
-0.005812 
-0.084327 
0.000116 
-0.053978 
-0.056462 
0.049251 
-0.022169 
-0.121844 
0.044850 
-0.020452 
-0.047966 
0.044253 
0.019691 
0.118355 
0.010061 
0.051706 
-0.018218 
0.069347 
-0.009652 
-0.023221 
0.044231 
0.038116 
0.057821 
0.046559 
-0.069467 
-0.007540 
-0.018756 
0.047972 
-0.045503 
0.104911 
-0.005564 
0.021161 
-0.083484 
0.011771 
0.015446 
0.002606 
0.051104 
-0.097814 
0.007790 
-0.000239 
-0.113933 
0.007182 
-0.085084 
-0.008340 
-0.039878 
-0.055736 
-0.101954 
0.025274 
0.043878 
0.136834 
0.014139 
0.067627 
-0.011432 
-0.042793 
-0.070362 
-0.000395 
-0.047418 
0.035611 
-0.006911 
0.063262 
0.004879 
-0.003241 
0.030709 
0.056803 
-0.006384 
-0.002370 
