300 1
0.115879 
0.111924 
-0.050802 
-0.010432 
-0.134413 
0.054844 
-0.147229 
-0.007564 
0.111825 
-0.087143 
0.101070 
-0.021538 
0.006098 
0.026905 
0.117159 
-0.010246 
-0.057289 
-0.016047 
0.101410 
0.040450 
0.007020 
0.016319 
-0.080677 
0.020868 
-0.069738 
-0.097273 
0.182780 
-0.021460 
-0.093035 
-0.074014 
-0.015506 
-0.094319 
-0.099699 
-0.067585 
-0.077085 
0.059275 
-0.013596 
-0.038304 
0.004484 
-0.006146 
0.110708 
-0.038026 
0.057666 
0.022660 
-0.074838 
0.032222 
-0.090299 
0.016078 
-0.114208 
0.039842 
-0.008654 
-0.051966 
-0.039398 
-0.002057 
-0.021143 
-0.063982 
0.023468 
-0.083398 
0.006855 
-0.064448 
-0.096727 
0.034573 
0.030110 
-0.027346 
-0.030018 
-0.069887 
-0.058630 
-0.045150 
-0.012858 
-0.037362 
-0.004586 
-0.058614 
-0.047655 
-0.017312 
-0.051703 
0.028377 
0.060987 
0.022698 
0.036080 
0.088473 
-0.001395 
-0.029282 
0.175066 
0.072759 
-0.031484 
-0.044687 
-0.047454 
0.063932 
-0.106968 
-0.112885 
-0.086312 
-0.064172 
-0.069897 
0.021041 
0.077848 
-0.041562 
0.055792 
0.005826 
-0.119545 
0.162185 
0.004207 
-0.031310 
-0.034179 
0.011215 
-0.011097 
-0.016298 
-0.006790 
0.007729 
0.121334 
0.025212 
0.037356 
-0.115232 
0.072313 
0.041165 
-0.067262 
0.150052 
0.097193 
-0.008089 
-0.086015 
-0.045175 
-0.030915 
-0.086217 
0.094669 
0.027487 
-0.082478 
0.068962 
-0.102263 
0.039883 
-0.050817 
0.035497 
-0.043624 
0.042489 
-0.048544 
0.014496 
0.066931 
-0.032169 
-0.058207 
-0.071130 
-0.026587 
-0.018210 
0.027978 
-0.049460 
-0.060343 
-0.030231 
0.023907 
0.088359 
0.084178 
0.010727 
0.134374 
-0.060492 
-0.126574 
-0.053731 
-0.003881 
-0.013411 
0.033714 
-0.026388 
0.078221 
-0.012554 
0.005566 
-0.093898 
0.097155 
0.128241 
-0.000405 
0.069375 
-0.002854 
0.038328 
-0.121856 
-0.020767 
0.095818 
0.069592 
0.045790 
0.073606 
0.003043 
0.118727 
-0.052852 
-0.061303 
-0.022412 
0.011132 
-0.043667 
0.039867 
-0.046148 
0.059015 
-0.034154 
0.043594 
-0.088385 
-0.007113 
-0.097247 
-0.002540 
0.076378 
0.006708 
0.007747 
-0.056122 
-0.066320 
0.099745 
0.032470 
-0.065862 
0.019520 
-0.000458 
-0.018377 
-0.006488 
0.081124 
0.026525 
0.033852 
-0.015591 
0.050849 
-0.056723 
0.001907 
0.093203 
0.059287 
0.053518 
-0.052434 
-0.025048 
0.009359 
0.024419 
0.065747 
0.086546 
-0.030130 
-0.107537 
0.019101 
-0.049554 
0.008112 
0.082430 
0.023931 
0.042479 
-0.035440 
-0.038662 
-0.131510 
-0.057918 
0.063429 
0.022016 
0.025311 
0.026587 
-0.049167 
-0.047951 
-0.092662 
-0.031983 
0.085683 
-0.246551 
-0.081063 
-0.007683 
0.119856 
-0.041675 
0.060126 
-0.006341 
0.127035 
-0.010228 
0.065002 
0.067884 
0.035801 
-0.036403 
0.079727 
0.020661 
0.055025 
0.054996 
0.026794 
-0.113021 
0.179024 
-0.016984 
-0.103837 
-0.022340 
-0.002999 
-0.056983 
-0.005010 
-0.035054 
-0.061702 
-0.095334 
-0.056360 
0.037991 
-0.045289 
-0.067780 
-0.087638 
-0.066028 
0.059289 
0.036803 
-0.059853 
-0.054351 
0.020305 
0.050073 
-0.070354 
-0.031729 
0.079802 
0.010652 
0.082377 
0.086493 
-0.057241 
0.070237 
-0.012953 
0.068058 
0.017232 
-0.068518 
0.003536 
0.015464 
0.035250 
0.091414 
-0.022312 
-0.111535 
0.020324 
0.007552 
0.046263 
0.115610 
